rs00308_jpg.rf.0338b18bca4162c3de3270d449d53774.jpg 86,229,270,411,0
rs00007_jpg.rf.15ce2166b9fc38ee4c3c4dbe78259453.jpg 0,206,415,415,0
rs00330_jpg.rf.04524666a166050cae8de0f0c93dd79c.jpg 165,219,221,416,0 70,255,165,367,0
rs00212_jpg.rf.0b009590098ee00918a2225388530f5c.jpg 71,181,378,407,0
rs00130_jpg.rf.07ac3aaf0b77cdc98f81986cb4dbe60b.jpg 15,201,224,389,0
rs00002_jpg.rf.026996a0f0e04fbc53e839b1f13ddf07.jpg 6,211,161,375,0 134,226,221,413,0
rs00156_jpg.rf.060b495d7207e234bb3c213b5ba8f9e9.jpg 225,200,326,414,0
rs00361_jpg.rf.044e0f6c2c0db72e57458e451b13518f.jpg 39,151,301,405,0
rs00359_jpg.rf.1f4fbdc9f1a8a3ecf6e0c7adef9b2535.jpg 150,132,399,412,0
rs00320_jpg.rf.1350cbc34ee9ae153705523c062dd684.jpg 92,205,316,416,0
rs00094_jpg.rf.0de2442b6390afd83eca996e1b76f93d.jpg 211,249,355,414,0
rs00105_jpg.rf.0a19e37a580e08ae082708cf9de8337f.jpg 152,176,223,413,0
rs00328_jpg.rf.0d1b5b803dd9664b4c3e16756cfcf626.jpg 1,261,140,403,0 196,287,405,408,0
rs00000_jpg.rf.06d79e019019110fe459658f61009ed2.jpg 28,170,279,415,0
rs00006_jpg.rf.0c43d538b4978ddfaecb49aaadbe0b34.jpg 190,237,272,416,0
rs00173_jpg.rf.02d1bbe07cc21f5a8db67c1a760f97b5.jpg 84,206,256,416,0
rs00368_jpg.rf.0888a41b4f26120b7fd50aff58c82801.jpg 192,225,268,402,0
rs00113_jpg.rf.17dc49741d213886263f0434b80778e4.jpg 164,264,404,402,0
rs00338_jpg.rf.0b204e95454491bf45cbacd43a0a5119.jpg 206,209,402,405,0
rs00218_jpg.rf.0cb4c4578586d01a392ba834d6ff5ad0.jpg 77,202,247,416,0
rs00047_jpg.rf.03de70d2654564945389b4efbf4cacd0.jpg 29,201,305,399,0
rs00318_jpg.rf.192671e032c6e1e4f4b52362fd32139e.jpg 179,198,411,397,0 13,225,148,341,0
rs00010_jpg.rf.187beb2993c231bdc0a747bacb8ba2bd.jpg 236,173,404,416,0 139,178,232,416,0
rs00234_jpg.rf.2a41804e84a31d7856e0994380e1a9c6.jpg 36,226,161,397,0
rs00033_jpg.rf.1887e7388cc328ad3a894c9c1d49c00b.jpg 205,234,352,416,0
rs00211_jpg.rf.238161d654bf8b3a10d08fc279bd8869.jpg 181,215,303,400,0
rs00054_jpg.rf.32a12e051e5e72919a159cc0352f76c0.jpg 44,190,261,414,0
rs00049_jpg.rf.3369d8ff187aa15aa8461c3680dad845.jpg 11,213,410,413,0
rs00220_jpg.rf.2721d41400aead6839f48eef8b25570a.jpg 160,143,314,416,0
rs00091_jpg.rf.2508ab69de33001e0985455889571211.jpg 174,210,270,416,0 11,276,161,352,0
rs00196_jpg.rf.302d731fbf8857f59e7446f2aa399cd2.jpg 33,181,410,411,0
rs00237_jpg.rf.2ae0643ed1fa9720d33d629cec0348cd.jpg 1,116,291,412,0
rs00217_jpg.rf.33eeba3eaf470df5871f40488ed83df2.jpg 201,195,281,415,0
rs00221_jpg.rf.233265cf26345f0bb3779e63dea66cae.jpg 165,124,346,404,0
rs00214_jpg.rf.335539a3291c025eee63f94bc445d184.jpg 28,192,319,406,0
rs00210_jpg.rf.36a159a3546285fd0ab7e347997b60bb.jpg 213,98,403,413,0
rs00313_jpg.rf.323db082c1c644d3ed0e6a2aa8573331.jpg 182,239,241,415,0
rs00063_jpg.rf.3656d22884f38691c56775e390b87fe6.jpg 196,218,399,416,0 66,222,187,411,0
rs00357_jpg.rf.37272d16bf0f46a90e769ee6034a34f7.jpg 92,217,409,396,0
rs00176_jpg.rf.285fc61d1c29faa91e5172d4faf539a9.jpg 141,166,339,416,0
rs00325_jpg.rf.35f9681c7d4c86c1ab976ec760efb743.jpg 173,165,368,416,0
rs00363_jpg.rf.32096db9a60b05c2ac630ba5dd240636.jpg 157,207,283,408,0
rs00069_jpg.rf.2462b5751b529eb41cbd50df256fe8e4.jpg 170,204,249,416,0 269,205,406,416,0
rs00190_jpg.rf.171c52e23161e037111abe3f7f2e1c1b.jpg 160,147,387,412,0
rs00021_jpg.rf.25d00637bdfca450643f1f7b56b4dba1.jpg 123,213,200,416,0
rs00175_jpg.rf.36fe2a546c36daf8b9a084a2f01fb08f.jpg 184,217,244,407,0 269,221,416,322,0 29,241,156,288,0
rs00137_jpg.rf.3e3abcf57323619f865a974e068c375a.jpg 0,187,154,416,0
rs00238_jpg.rf.37d4fc7ce619134b90126611e4f8cbe3.jpg 13,191,238,381,0
rs00064_jpg.rf.3520173d829a9a5171e47f85f518348b.jpg 171,215,245,416,0
rs00129_jpg.rf.3758d50e4dec6458dba59e043d3b13ce.jpg 20,234,250,407,0
rs00177_jpg.rf.43577c86d3022b32ab6f6c1090e08f8b.jpg 143,180,336,409,0
rs00045_jpg.rf.387b9c9ebb676da3c63a381d684a2640.jpg 152,218,224,416,0
rs00043_jpg.rf.4387ccd8e80c33a536df36e0237c62c7.jpg 240,218,308,416,0 333,213,413,330,0 27,203,224,397,0
rs00331_jpg.rf.4552d6b98d78baa23ce32c38100ff6cc.jpg 176,164,385,408,0
rs00352_jpg.rf.3a601d7da0fcceab3e4f5580a2575724.jpg 153,88,400,402,0
rs00336_jpg.rf.2ce8d8f4bf3ff3eee9722998eac99601.jpg 215,297,343,411,0
rs00189_jpg.rf.3c7a30be63083f5d2cdc7fd2c0d74c71.jpg 55,185,287,416,0
rs00222_jpg.rf.3f958f8dfd635126fa5b4075608b6c56.jpg 89,193,276,416,0
rs00215_jpg.rf.3d5d61979598cf52391c926db0a1412d.jpg 199,218,266,399,0 14,232,183,400,0
rs00046_jpg.rf.4b2a1a9e3fd31a6e5bea865aa6e465a7.jpg 160,148,409,416,0
rs00128_jpg.rf.475b38a3d32d16765fb7007fd758ecf9.jpg 88,259,278,406,0
rs00050_jpg.rf.4ddda4067cba3a55f40a0f6838736039.jpg 280,237,386,415,0 17,220,154,416,0
rs00071_jpg.rf.4598b7e98544793597c3523fc4696a22.jpg 14,179,269,415,0
rs00172_jpg.rf.492d7f44fbec1b8d46d5e04206b92bc8.jpg 178,187,259,407,0 270,254,393,399,0
rs00073_jpg.rf.55053a86293ef55caf52e239d79052e5.jpg 95,179,243,405,0
rs00365_jpg.rf.4e8ab0d615b8d59608330d39c0c6280d.jpg 47,189,302,402,0
rs00356_jpg.rf.636d9f4996a7ac82f5866b54f640b499.jpg 175,190,254,381,0
rs00303_jpg.rf.5217cb4066fcdb37f84e6f046f77e6e9.jpg 63,131,409,397,0
rs00068_jpg.rf.63e43f5c6fceaa57f7109c6c324aaf58.jpg 140,212,324,408,0
rs00032_jpg.rf.55d5ddc40fe642567aa9ed14a98967b1.jpg 202,211,302,410,0 86,209,200,416,0
rs00150_jpg.rf.5efd00d95de19c8730ac66bdbae39914.jpg 172,228,289,416,0 10,229,170,408,0
rs00346_jpg.rf.59b5913a7890f0035f0f456ea68bd2d3.jpg 51,182,220,416,0
rs00324_jpg.rf.53e9417e02992d5361ee77cf464e5954.jpg 191,242,407,416,0 3,264,181,409,0
rs00300_jpg.rf.5482f0f0b6c9a80222090127643c57ef.jpg 32,251,209,410,0
rs00133_jpg.rf.63ee276ce10100640dfa2387492b6ec2.jpg 183,202,269,376,0
rs00084_jpg.rf.4dcfbb09be7784621aaf7328507bb036.jpg 49,214,400,412,0
rs00009_jpg.rf.659ff6bdd6943d9cfd88e7614b70aff5.jpg 173,225,260,413,0 38,209,168,416,0
rs00179_jpg.rf.65df778cadd06db668600edb9cb2b0fb.jpg 92,193,223,412,0
rs00131_jpg.rf.56bac4528537372bc7aab9a0facffb9d.jpg 0,213,96,409,0
rs00005_jpg.rf.6ad90dd08117ff9dfd2177d370762bb8.jpg 148,196,203,416,0 0,239,148,358,0
rs00072_jpg.rf.50bfd8026d24ffa77fb86b655785101b.jpg 187,214,301,399,0
rs00109_jpg.rf.4090db3834695dc5d082c51221f06334.jpg 189,170,291,404,0
rs00070_jpg.rf.623d35b02ca4e3846f9b5710dfbb6d82.jpg 91,178,407,416,0
rs00334_jpg.rf.68671884c1e9fcbd26523ae9281de53d.jpg 57,162,251,403,0
rs00066_jpg.rf.6a2d5fc0b63f8deee49b4856b028f28b.jpg 186,165,274,412,0
rs00219_jpg.rf.56706f0bf6bfe1f06183888aba57d130.jpg 159,119,408,407,0
rs00339_jpg.rf.6a7338ba06e923727a08ef8ad65e8ca4.jpg 82,189,287,413,0
rs00154_jpg.rf.6ba3fc6d21c20b6c79d05baa6e3308ea.jpg 135,166,248,409,0
rs00114_jpg.rf.687c1060298d6623dd81ec8f16ab05a2.jpg 65,272,233,416,0
rs00089_jpg.rf.627ffa0b631ad545d54c76c92f608c43.jpg 229,232,365,410,0
rs00138_jpg.rf.777a57bfc0f75c069b7a8ecafd925823.jpg 198,173,303,411,0
rs00322_jpg.rf.63f29cb5226cd5a787c93d7caa3cf438.jpg 177,192,298,416,0
rs00031_jpg.rf.68e6da669096685db2281c40f4138703.jpg 169,250,379,412,0
rs00003_jpg.rf.78dcfdebd3fe1b10c3e62956344204da.jpg 0,191,132,412,0 121,211,209,416,0
rs00337_jpg.rf.6c4e7ebe272e5e71146398e3bf4a0372.jpg 202,181,374,362,0 20,193,192,256,0
rs00116_jpg.rf.70c1138e28b17e4336a4a83c759fdd28.jpg 14,205,400,385,0
rs00092_jpg.rf.6325dcf431860884e123787df7ce7498.jpg 171,111,253,416,0
rs00022_jpg.rf.78ed1ff84adadcbbb150a2861bd35c93.jpg 66,184,376,416,0
rs00108_jpg.rf.6fd9419520f1c5573ea2d9faac60f5b9.jpg 232,186,397,411,0 25,175,215,393,0
rs00171_jpg.rf.7add1f59a0be92533fd46888b31b22c8.jpg 155,208,407,406,0
rs00008_jpg.rf.70331a9af15e0f2501fcb04a29705c1f.jpg 196,200,286,416,0 4,199,169,384,0
rs00355_jpg.rf.6ada20ef5c4674ce8bbc797bc518c248.jpg 79,214,229,381,0
rs00170_jpg.rf.6ef0c29c9d63b390d69e2b9cab63007f.jpg 11,224,416,409,0
rs00345_jpg.rf.7c34162465b8a4a68cde320dd5c88f20.jpg 184,238,318,413,0
rs00192_jpg.rf.799a319507999a233861363b96714f79.jpg 94,188,306,396,0
rs00168_jpg.rf.7dcfc6ca818d5afd3e551e5fda54fe31.jpg 20,209,243,410,0
rs00367_jpg.rf.7e8d4c8f28663bf62772606eddb7a0f2.jpg 159,112,286,384,0
rs00369_jpg.rf.892043a108f99a0ad51bd56c556ba66a.jpg 32,309,290,408,0 189,207,292,293,0
rs00216_jpg.rf.84beee8d6eb0bdd3382ee1d742745f47.jpg 104,210,265,408,0
rs00194_jpg.rf.7fa946954015e3a5c9fa8a112a7bb148.jpg 111,229,380,416,0
rs00115_jpg.rf.8ff630e23d1296b9f5ac41738ed594a9.jpg 216,201,395,407,0
rs00358_jpg.rf.83b019a2b09e1d80d93b025293b21d4b.jpg 199,190,410,410,0
rs00310_jpg.rf.8253c0b1bd8d35ff31448238b40a649d.jpg 176,201,302,409,0
rs00174_jpg.rf.961e17822c9e4d8643d98129fb15c62e.jpg 11,266,195,322,0 215,235,377,405,0
rs00001_jpg.rf.93a1a637bbaa6c400446381588d3c4e1.jpg 293,123,407,394,0 20,261,250,322,0
rs00201_jpg.rf.7b6a090023275491e9c0ea3ffd2dda12.jpg 71,259,215,404,0 243,196,360,410,0
rs00151_jpg.rf.98f8bc8b90c3ff63f97b508f55c3a4d3.jpg 171,217,332,412,0
rs00317_jpg.rf.99e343ec99f5d493b1de23f6eba63751.jpg 57,178,260,411,0
rs00042_jpg.rf.7beccec05f41b082965800bfb5a71693.jpg 129,218,211,416,0
rs00312_jpg.rf.9bec6f99ff10e971f792bed5c1206edd.jpg 156,120,354,415,0
rs00148_jpg.rf.8a09845bd17c2e6d0c8b6050db60ac04.jpg 175,129,254,416,0
rs00155_jpg.rf.9bdd49ed062f525b7785233a4d086e21.jpg 129,218,355,406,0
rs00348_jpg.rf.8a5e582cc5f083d250c4a14835f10081.jpg 9,180,269,399,0
rs00343_jpg.rf.95606ec2ba5a726b0fbeec56f3ce6b68.jpg 145,249,313,406,0
rs00147_jpg.rf.941dd6d4ee2af0612e77803a244f99c4.jpg 122,265,395,412,0
rs00366_jpg.rf.9b3827ed86a76b54b65f6ad568e4a23b.jpg 52,198,238,404,0
rs00127_jpg.rf.9de97af96f3a44ad0c9e3db9b21ee83d.jpg 2,226,403,400,0
rs00347_jpg.rf.96a41172548238a97140233c44fa022c.jpg 176,178,332,416,0
rs00023_jpg.rf.9e1bd16a17b226be7cf3ecaa665abbb8.jpg 165,194,240,416,0
rs00333_jpg.rf.9f79b24127bdbd5df9e8bb7dc6ca446a.jpg 65,190,292,407,0
rs00239_jpg.rf.963cb4d96da9771783387829195dc2b2.jpg 118,208,273,416,0
rs00178_jpg.rf.a0a0f0d0e4ea0a23f701a540483f2063.jpg 188,200,282,413,0
rs00193_jpg.rf.9c08f36f3b4d33a8571d16cb3e99f29e.jpg 78,92,408,403,0
rs00106_jpg.rf.a741a334f8572dc416de886ee31ef712.jpg 157,279,385,407,0
rs00335_jpg.rf.903c34e597dc2b84c01266fd8fd67791.jpg 12,228,251,414,0
rs00152_jpg.rf.a917ac0c2acb2dd43359d6f6ceb2e97a.jpg 202,223,274,415,0
rs00074_jpg.rf.a85a0569e5be6a6617ec22353d0ce95d.jpg 1,155,247,416,0
rs00093_jpg.rf.a72abe09efe21e218c09fc03036adca3.jpg 92,237,294,399,0
rs00364_jpg.rf.9d4c71bfb7a4d41e955ffe7b3b18dadc.jpg 75,212,298,407,0
rs00302_jpg.rf.a029a1351a128085779ff92798eb8af9.jpg 62,134,329,406,0
rs00353_jpg.rf.9ae8507b69d7cd7f324e523c91719000.jpg 26,258,291,416,0
rs00213_jpg.rf.a331cf2cbf8e64634f908a12c82312da.jpg 246,218,410,406,0 9,260,137,351,0
rs00136_jpg.rf.a33aeaa97e4590c00b1fdc569e80e6a7.jpg 156,178,376,416,0
rs00242_jpg.rf.a46e3369ad7323f54558122097172a7c.jpg 178,216,383,416,0
rs00065_jpg.rf.a293218397597a686f98bb748228bc36.jpg 56,152,407,395,0
rs00316_jpg.rf.a919bd904194f2b346b2480959936416.jpg 8,207,263,415,0
rs00329_jpg.rf.abcb22442635307211485b6f2cee7f79.jpg 175,144,360,410,0
rs00198_jpg.rf.a8ab5e40c6f3555641ba327e6f51d38f.jpg 151,222,408,415,0
rs00306_jpg.rf.aa4e49dc3e35aa1736d5091494e6e532.jpg 21,191,313,410,0
rs00090_jpg.rf.a2adf31188613e9c105d749495fab16c.jpg 163,139,401,404,0
rs00350_jpg.rf.a9db0abc05697503b0bbe8ddc1076b54.jpg 42,224,226,380,0
rs00341_jpg.rf.ab057ceca791a957f99556ba01762ed9.jpg 18,203,231,411,0
rs00153_jpg.rf.acd8185532d71648f16dac9b288450f5.jpg 50,192,275,416,0
rs00051_jpg.rf.acac8e2764b4ea7a402792ef1f40247c.jpg 90,209,272,372,0
rs00197_jpg.rf.abe55516a4f2a04f5c7054a493a35fe7.jpg 36,230,208,390,0
rs00326_jpg.rf.98a20cf07e1d7db6c9d54d375f10de95.jpg 204,248,278,404,0 308,282,413,395,0 18,304,207,398,0
rs00107_jpg.rf.ae212f7291145db99117f4ec20caa319.jpg 58,279,399,415,0
rs00026_jpg.rf.ad398b2cd966096f479c0494cdf1785d.jpg 116,211,176,416,0
rs00112_jpg.rf.9e28b6aa4a3a479413f0725a1ac19198.jpg 182,197,307,416,0
rs00024_jpg.rf.af962588f8a1b4c43f523829017b4678.jpg 163,240,267,416,0 2,190,159,416,0
rs00240_jpg.rf.b541c0d13fa8b812ac593e1fbf3b262c.jpg 142,145,345,412,0
rs00085_jpg.rf.bbb5978532c2990fcae1d361f46de90b.jpg 10,140,244,416,0
rs00340_jpg.rf.b8c64aadb941ad649fc335a220cd9240.jpg 35,81,359,411,0
rs00025_jpg.rf.b576cb5fb3143d18efef4bc3b8b07107.jpg 271,186,416,269,0 16,173,261,412,0
rs00028_jpg.rf.b643ae0555ae7d91c681a26cc8d878df.jpg 0,184,411,406,0
rs00241_jpg.rf.b52166b4396c305168da75b9ee460635.jpg 35,306,397,406,0
rs00195_jpg.rf.ae3a6b3fc438eb76a5b2a5669897e5ff.jpg 179,195,374,406,0
rs00233_jpg.rf.a505d22dbbfa3e687b8c3085417e1c9b.jpg 135,167,263,416,0
rs00158_jpg.rf.bff1a94f2595ec533acf0163d1d4bebc.jpg 123,179,338,414,0
rs00200_jpg.rf.c0c7f4facc17e12ed822f7b83fa4fbfc.jpg 73,223,248,414,0
rs00199_jpg.rf.c1fe4bc0a9c0366df3f3e6218eabde81.jpg 198,157,302,416,0 50,237,194,406,0
rs00169_jpg.rf.ba1ad9410f45db40c464edc5be9f7e32.jpg 175,186,381,404,0
rs00301_jpg.rf.b216709ce81ad175ef7cd8a2d939de38.jpg 161,179,416,413,0
rs00236_jpg.rf.c410c45a84759c488832894b581b9fb7.jpg 31,160,386,409,0
rs00029_jpg.rf.c0e5e7bbe6ecff04f675ecf9c2d25a9d.jpg 133,163,416,411,0
rs00110_jpg.rf.c28d6637c5aa91635c368eaa29da8dcd.jpg 21,197,408,412,0
rs00067_jpg.rf.cc4508a96aaf4e0e5e5b63f609d42dbb.jpg 45,60,351,416,0
rs00314_jpg.rf.c81d5136c9070938284d92441180fa9a.jpg 166,172,372,416,0
rs00011_jpg.rf.c6154150eb4740c4c0c2602464ef0557.jpg 186,206,263,415,0
rs00232_jpg.rf.cac63ae9d6af06cf2c94b7fad21e48d7.jpg 67,201,388,405,0
rs00012_jpg.rf.ba02076c81137d8e5ae0efe39851caff.jpg 178,196,257,416,0 254,223,410,404,0
rs00134_jpg.rf.c7c30d58293e4ebfa2be9bfeabffbaa1.jpg 31,223,254,411,0
rs00052_jpg.rf.d00a6048d5c07b62926d58d1ba2098e5.jpg 164,232,236,410,0
rs00191_jpg.rf.c29afa062931d9fd4b06565a875a122c.jpg 26,165,397,408,0
rs00231_jpg.rf.d2373869e28c257f960926e067203927.jpg 192,178,257,408,0 24,176,180,365,0
rs00135_jpg.rf.dbc04da82e9a34a9868d64d22de487f6.jpg 182,165,263,407,0
rs00111_jpg.rf.d25df2ad1669c495f17e825346fbb72c.jpg 206,212,276,412,0
rs00027_jpg.rf.de02ade37796c91edf3c60c20a3a0fe7.jpg 27,209,394,416,0
rs00342_jpg.rf.d1d0b5a735e46e8098b7b52da23b4f89.jpg 144,142,407,403,0
rs00149_jpg.rf.abe1da9c92a5ed5253cf01e643511aac.jpg 152,154,392,416,0
rs00354_jpg.rf.ca18a55cfb8fb02036291d05735a5c78.jpg 110,270,329,397,0
rs00157_jpg.rf.bc0f1c7527f3976bd1b1691be303b6c5.jpg 164,193,278,416,0
rs00304_jpg.rf.d313a7f41dbc1d74b2171787b8e19758.jpg 43,197,412,413,0
rs00086_jpg.rf.d161c65666285aefac050ea6203eab35.jpg 72,184,257,403,0
rs00096_jpg.rf.de2644e2292890ccf6efb52a39a22b7d.jpg 100,229,274,410,0
rs00235_jpg.rf.ad6a7e96b8fcf467cb51602f0f834543.jpg 19,223,401,416,0
rs00030_jpg.rf.bc0e15c8caf6a6b6d2e454f0985483b6.jpg 147,204,264,397,0 67,176,114,227,0
rs00004_jpg.rf.e050d4d15aa74529fa02f543ea3c2bd9.jpg 161,204,289,416,0
rs00180_jpg.rf.ce6270fe64ccd046607d8c1f4740f32b.jpg 15,219,370,404,0
rs00243_jpg.rf.ed1c1be7b710a3826a766d4172ccfb83.jpg 162,156,324,413,0 8,182,151,412,0
rs00095_jpg.rf.e3f6194303c0f699dcd4b5e510e230b1.jpg 135,233,365,415,0
rs00321_jpg.rf.c214d2244fad84db73ece1114cc249b7.jpg 181,162,276,416,0
rs00075_jpg.rf.e67ec9f092bb38ff601498fe626b9e4d.jpg 67,206,326,410,0
rs00132_jpg.rf.e4eaf2b545743337444ad26448e41a46.jpg 188,216,284,398,0 25,206,186,404,0
rs00048_jpg.rf.e24cc6473f406537fb6345e151ffc0a9.jpg 17,229,270,407,0
rs00351_jpg.rf.fbcbde29b568beaccbbb22b590dd3f29.jpg 169,261,318,416,0
rs00307_jpg.rf.ea6b7ec8550a7c05eeaed475e5837b8a.jpg 15,182,402,410,0
rs00126_jpg.rf.f65375840a544f8bcce21db4c7bd0f01.jpg 174,135,293,395,0
rs00087_jpg.rf.eb2ab3c60847d7f077b93c91742e8813.jpg 153,174,242,416,0 267,264,398,408,0 22,238,127,353,0
rs00362_jpg.rf.daa0e2da4bd13e35966f628ba28153e8.jpg 168,134,389,408,0
rs00323_jpg.rf.f67251753c6d62588bd99b7afcdc0c8e.jpg 171,189,299,398,0 79,234,171,416,0
rs00360_jpg.rf.ec054b9dc71e4fb2541de19bf3328104.jpg 180,195,376,411,0
rs00311_jpg.rf.fe14d7822e8accc8ada8eb419903afbb.jpg 280,169,415,409,0
rs00053_jpg.rf.ee4b2fdb8d3d28a337cbe2efcd2f883f.jpg 161,236,238,416,0
rs00319_jpg.rf.f3e5ded509ec9c6de5811e31271c9417.jpg 196,253,395,416,0
rs00315_jpg.rf.f7a205527e5288017922526a2338eabc.jpg 157,176,411,406,0
rs00344_jpg.rf.f77dba6a2d25260978a730242ab25f4d.jpg 152,205,281,416,0
rs00044_jpg.rf.fe7e6e143e2703cdb51d99528308e759.jpg 15,201,222,411,0
rs00088_jpg.rf.f8b34d48d787ba6fa484a5c5776ca960.jpg 83,282,240,404,0 284,276,411,390,0
rs00309_jpg.rf.db8194db62ac04f146ce7ca0a6b05041.jpg 37,202,397,394,0
rs00305_jpg.rf.f0524e72eee20db03e65f09b8580a7c6.jpg 201,185,310,416,0
rs00117_jpg.rf.f84f9c7ee8de0c44fe607b36e5253ec8.jpg 90,217,230,408,0
rs00332_jpg.rf.eb5bcde85b2a38f9fca3dff1b814c607.jpg 181,158,390,409,0
rs00327_jpg.rf.f5c8ed4f6125ec1691c989a48485ef2b.jpg 23,160,404,398,0
rs00159_jpg.rf.ff3dfa442c8a62b7dace611ecd74a208.jpg 168,173,244,415,0
rs00349_jpg.rf.fd4d18e71c58a0f3796b7aad937e9078.jpg 115,196,313,404,0