rs00084_jpg.rf.13dc740d4d039eade0accda952bcaeb0.jpg 49,214,400,412,0 9,53,34,358,1 345,97,362,287,1 91,91,113,254,1 131,132,152,272,1 221,188,235,248,1 256,115,274,260,1
rs00309_jpg.rf.1877a41c6defd944bc71d449fb6d8ec6.jpg 37,202,397,394,0 84,60,118,294,1 154,63,178,340,1
rs00087_jpg.rf.1abba0f6663c0aa3d0166b48a1f84339.jpg 153,174,242,416,0 267,264,398,408,0 22,238,127,353,0 218,58,243,241,1
rs00215_jpg.rf.17e1290527a9a55727e078f0ae793b68.jpg 199,218,266,399,0 14,232,183,400,0 108,14,150,365,1 374,9,406,370,1 190,167,208,232,1
rs00214_jpg.rf.08bf62c41d9e83ffa26ebb4d324bccc0.jpg 28,192,319,406,0 258,120,272,242,1 292,7,348,286,1 172,141,192,243,1
rs00108_jpg.rf.1e37ae22157b7266dbda049584c9ab70.jpg 232,186,397,411,0 25,175,215,393,0 179,93,197,227,1 246,118,264,231,1
rs00154_jpg.rf.132cb173a81e8874d0414aa79c0127db.jpg 135,166,248,409,0
rs00240_jpg.rf.16da205df1ad1fe4768888a0608de942.jpg 142,145,345,412,0 104,3,138,264,1
rs00105_jpg.rf.086f6dfa4380556be67885c6b2c33001.jpg 152,176,223,413,0 172,89,188,224,1
rs00005_jpg.rf.1dee37a0f1f9da8f516f76bf8c17efcb.jpg 148,196,203,416,0 0,239,148,358,0 78,120,102,358,1 110,20,143,299,1 233,13,270,370,1 162,142,181,209,1 195,130,211,206,1
rs00216_jpg.rf.036935e4b402c01f383c733d21a76d9c.jpg 104,210,265,408,0
rs00311_jpg.rf.1f5ad4c5a0af96fef15db7733e96077e.jpg 280,169,415,409,0 249,5,289,384,1
rs00089_jpg.rf.1a979781dda676c9e067a12df9e04fd5.jpg 229,232,365,410,0 11,210,58,416,1
rs00348_jpg.rf.0bff4e4048780bd7b35b7b0388857c50.jpg 9,180,269,399,0 273,14,305,332,1 46,18,79,263,1
rs00334_jpg.rf.1738e8081f15c298d8b0a9b22d558e2b.jpg 57,162,251,403,0
rs00312_jpg.rf.0f06e9573d0fd99da69eb89da54814d1.jpg 156,120,354,415,0
rs00349_jpg.rf.14c7c098874648f04fc25bc5626519ad.jpg 115,196,313,404,0 281,15,305,281,1 232,23,257,239,1
rs00217_jpg.rf.1b80dc0568e298bea0d2c6a623ef5448.jpg 201,195,281,415,0
rs00195_jpg.rf.15ca2f85b3af745fd9d42d5dff4b1d9f.jpg 179,195,374,406,0 271,63,282,262,1 236,121,251,198,1 291,70,306,269,1
rs00009_jpg.rf.1379ff354ac8cba74038b3b49b2402ef.jpg 173,225,260,413,0 38,209,168,416,0 132,153,148,260,1
rs00086_jpg.rf.12ef6fd31411b9a305b18afe2967af04.jpg 72,184,257,403,0
rs00346_jpg.rf.0cbd3a8188ade944142b7a282f1ec2f7.jpg 51,182,220,416,0 53,66,71,270,1
rs00193_jpg.rf.2170578583950a06658ff8df42edd2d6.jpg 78,92,408,403,0 183,9,208,255,1 346,6,374,210,1 61,16,84,156,1 246,44,263,129,1
rs00004_jpg.rf.22c9d788e426281b2162e8b11d65d9d9.jpg 161,204,289,416,0 351,37,381,283,1 250,58,276,254,1 202,125,225,266,1 177,152,196,238,1
rs00237_jpg.rf.2305ce86a3c082ce1efa811c2a79ad59.jpg 1,116,291,412,0
rs00011_jpg.rf.237f2c8013aca490a5ff8e5df3f2cc5e.jpg 186,206,263,415,0
rs00070_jpg.rf.2d31c3bb004f3f4d1afcc5ff2fb21113.jpg 91,178,407,416,0 219,94,236,229,1 396,87,411,221,1 385,128,397,220,1
rs00092_jpg.rf.2ab8a308d2fba22a3859055842660a44.jpg 171,111,253,416,0
rs00308_jpg.rf.2c767e7f8072246015a9b14c3b88b753.jpg 86,229,270,411,0 91,176,116,276,1
rs00345_jpg.rf.0deb68f3ca4c329d04cfd0bcd3dae2e0.jpg 184,238,318,413,0
rs00007_jpg.rf.300d95449492e3da2fc24f3bb86d79a9.jpg 0,206,415,415,0 136,71,159,243,1 336,73,359,249,1 291,122,306,237,1 264,146,279,225,1 249,149,263,212,1 162,150,185,206,1
rs00233_jpg.rf.3610be39906ba665ef311818a79077b0.jpg 135,167,263,416,0 6,8,49,284,1 304,13,327,263,1 145,82,163,229,1 254,61,259,232,1
rs00319_jpg.rf.3042227ef3c5450a2ab4f37ef84164c2.jpg 196,253,395,416,0 258,6,285,286,1 36,17,73,393,1
rs00192_jpg.rf.2cd81a7ed4c7eb4886aed31bf6a13b09.jpg 94,188,306,396,0
rs00221_jpg.rf.26914a69cf91ac76f5934e61250bd87c.jpg 165,124,346,404,0
rs00336_jpg.rf.31fc4c689325cc3f81d18a61900cccf2.jpg 215,297,343,411,0 299,237,308,364,1 231,234,239,356,1 195,223,205,317,1
rs00090_jpg.rf.3564dc5f7eaabaa81523c79a111f8d75.jpg 163,139,401,404,0
rs00065_jpg.rf.2745ffe14e2787e3ade7e60560f80ae2.jpg 56,152,407,395,0 346,85,365,181,1 79,53,96,242,1 157,102,172,207,1 197,87,212,181,1
rs00151_jpg.rf.2847fdd34d765aa508162a41a74421a5.jpg 171,217,332,412,0 311,6,348,358,1 280,103,299,267,1 204,138,226,260,1
rs00156_jpg.rf.332afdfdaca89f782ce76d06be04cdf8.jpg 225,200,326,414,0 250,167,272,248,1
rs00354_jpg.rf.33fa0febdd67a8c465cbae110e8c8e98.jpg 110,270,329,397,0
rs00042_jpg.rf.339a03f42762517c670a9e832fc3d263.jpg 129,218,211,416,0
rs00363_jpg.rf.2fd3f0c228b6dbf6a727c061e50b117d.jpg 157,207,283,408,0
rs00021_jpg.rf.23e60e3d8fb1a7bda740f29d5f9d2452.jpg 123,213,200,416,0 197,69,221,286,1 165,149,179,253,1
rs00325_jpg.rf.25ed2f2f69f656db3910096e5bf23091.jpg 173,165,368,416,0
rs00231_jpg.rf.2a1ef216dc65c57f18858c0de67bce0c.jpg 192,178,257,408,0 24,176,180,365,0 65,26,98,391,1
rs00366_jpg.rf.38e9685a6ed434001ac2f08f3caf568a.jpg 52,198,238,404,0 248,46,263,333,1 298,16,332,330,1
rs00112_jpg.rf.38f89388c9684f2d7b6fd97100e62723.jpg 182,197,307,416,0
rs00353_jpg.rf.3adbdec13731988e18264db5f410328d.jpg 26,258,291,416,0 128,4,148,279,1
rs00022_jpg.rf.372eae85875604a2cc246fc2061ef0a5.jpg 66,184,376,416,0 12,6,52,358,1 171,123,200,227,1 235,109,257,203,1
rs00191_jpg.rf.3efb1c8fc5dcd14cac6723f04b0acf1f.jpg 26,165,397,408,0 106,16,139,299,1
rs00178_jpg.rf.458406c325408bcc719bc69bf57fcdc8.jpg 188,200,282,413,0
rs00301_jpg.rf.40f376bcfa94fd84c51656469d818cf1.jpg 161,179,416,413,0
rs00111_jpg.rf.456eb16367f268233c10ba0491e7d912.jpg 206,212,276,412,0 186,72,211,277,1 328,90,351,178,1 2,3,27,205,1
rs00304_jpg.rf.43a40cfe1896180f1143df0460bce356.jpg 43,197,412,413,0 241,125,269,220,1
rs00149_jpg.rf.49d80b50e4be56a71d1d2447fc063469.jpg 152,154,392,416,0
rs00093_jpg.rf.37f8598c30e2efe43bbe4e8d4ef93d3d.jpg 92,237,294,399,0 103,78,147,264,1 237,5,265,279,1 352,9,370,292,1
rs00025_jpg.rf.47b8e07bbb67dc2c473489dd9196bc6e.jpg 271,186,416,269,0 16,173,261,412,0 89,99,112,258,1 286,119,301,203,1 164,145,187,209,1 34,136,57,240,1 222,129,231,189,1
rs00051_jpg.rf.44824c5e80f12ba8fdaeb359473f6549.jpg 90,209,272,372,0 19,109,40,255,1 223,98,246,240,1 108,109,131,248,1 157,165,176,234,1 217,159,227,212,1
rs00127_jpg.rf.4a6c1b5881a8fdccf2517d66d146541f.jpg 2,226,403,400,0 281,13,337,376,1 203,128,232,272,1 117,153,133,268,1 377,48,412,329,1
rs00352_jpg.rf.4d8c696e333140b07dfaae808e89ecc0.jpg 153,88,400,402,0 40,9,86,250,1
rs00133_jpg.rf.4282afe2e8b0d4470beea0fd4b54e39f.jpg 183,202,269,376,0 356,9,402,389,1 234,119,249,269,1 28,118,44,255,1
rs00010_jpg.rf.4d0fa6f58321274e609cb258a8681176.jpg 236,173,404,416,0 139,178,232,416,0
rs00126_jpg.rf.1d7d36dca180305cdece5fdb168088ff.jpg 174,135,293,395,0 330,9,367,304,1
rs00064_jpg.rf.489b492ffd06d8d067222081fc6b6801.jpg 171,215,245,416,0 305,31,332,169,1 133,49,163,114,1
rs00158_jpg.rf.4a66d86268b7306c3128e076bc242aaf.jpg 123,179,338,414,0 73,21,107,341,1 330,16,366,322,1
rs00320_jpg.rf.356ff040061b664455e3f8afb8d466f7.jpg 92,205,316,416,0 37,89,66,233,1
rs00152_jpg.rf.4f3963b6c83cb78e4abf4152407449e7.jpg 202,223,274,415,0 154,54,195,287,1
rs00147_jpg.rf.4da68c5a4eba59c318008d506e2cbda7.jpg 122,265,395,412,0 215,8,240,225,1
rs00335_jpg.rf.55197b5b451cb520183d3bd76f2dd96f.jpg 12,228,251,414,0 242,73,273,302,1
rs00338_jpg.rf.545f7ec7630e59d27990fb1c6760a182.jpg 206,209,402,405,0 85,8,145,396,1 220,89,247,259,1 329,67,355,246,1
rs00113_jpg.rf.5185943ca480811f16ab58a6769f428c.jpg 164,264,404,402,0 132,24,163,374,1 202,128,217,319,1 392,145,411,231,1 365,190,386,298,1
rs00030_jpg.rf.39aca2239c65d4d6f7b94c0b59b4821c.jpg 147,204,264,397,0 67,176,114,227,0
rs00071_jpg.rf.4e1779b77f3dde49540c8b1f8e1be9de.jpg 14,179,269,415,0 220,111,238,248,1 73,114,95,239,1 135,154,148,221,1 200,154,210,232,1
rs00340_jpg.rf.568db381f18df82880192ec7b6d2f9bc.jpg 35,81,359,411,0 389,5,396,156,1
rs00360_jpg.rf.5558e518633f178f0801d5179a2e08b4.jpg 180,195,376,411,0 288,113,300,268,1 173,118,182,265,1
rs00032_jpg.rf.3c38a18a49369cd21f92e1f8dba9f052.jpg 202,211,302,410,0 86,209,200,416,0 254,66,281,223,1 97,71,127,207,1 167,145,187,199,1 236,145,250,204,1
rs00135_jpg.rf.58a1c3038c11150cf3553e6677474b5c.jpg 182,165,263,407,0 138,2,165,305,1 378,11,398,331,1 75,91,103,230,1
rs00063_jpg.rf.5cccf23e5271ae59a2992962c49c8d34.jpg 196,218,399,416,0 66,222,187,411,0 338,98,371,287,1 123,100,132,276,1
rs00196_jpg.rf.50f304788c95aa6f20930ce5fa9c263b.jpg 33,181,410,411,0 369,60,381,202,1
rs00172_jpg.rf.61ed84876f7c70c18d2d7cb4ee308d6f.jpg 178,187,259,407,0 270,254,393,399,0
rs00169_jpg.rf.5f2bb5a3dc6229a981bd3c608c7a0988.jpg 175,186,381,404,0
rs00351_jpg.rf.566f01d9a0e8ddd00e1275859e43e67b.jpg 169,261,318,416,0 284,149,313,337,1 113,97,164,347,1 166,205,184,257,1
rs00068_jpg.rf.61ba6985f15bfdd70f8df9c1c5f3a056.jpg 140,212,324,408,0 273,99,287,289,1 181,150,190,237,1
rs00072_jpg.rf.66fd05f3913611943b5a0aea11460e09.jpg 187,214,301,399,0 183,104,210,305,1 376,56,389,242,1 140,147,151,234,1
rs00075_jpg.rf.69600b6748fbfd682b296785bc4d4f74.jpg 67,206,326,410,0 141,113,169,293,1 266,58,294,246,1
rs00176_jpg.rf.689b85d0dfde2b72e3dd04728e6ae5c4.jpg 141,166,339,416,0
rs00069_jpg.rf.6fc0ee2386df3df45cadeeca017ba1b7.jpg 170,204,249,416,0 269,205,406,416,0 164,74,190,258,1 235,73,254,280,1 303,88,328,281,1
rs00210_jpg.rf.6c29a40bd8fec4496c2edcf59a32b205.jpg 213,98,403,413,0 189,15,220,221,1
rs00045_jpg.rf.5206d2936f67267d57560d2da939fd7a.jpg 152,218,224,416,0
rs00136_jpg.rf.587be9f681c828041a94908b48277fff.jpg 156,178,376,416,0 50,5,107,324,1 113,14,137,263,1 161,60,186,256,1 190,92,208,245,1
rs00048_jpg.rf.63d2ed0ccec84d748aa882311fcbd338.jpg 17,229,270,407,0
rs00094_jpg.rf.58766368c12b711278a1b38765e96570.jpg 211,249,355,414,0 149,162,174,343,1 185,151,204,340,1 370,103,390,338,1 282,177,300,299,1
rs00315_jpg.rf.733c473cc50811b2b4266776b026137e.jpg 157,176,411,406,0
rs00343_jpg.rf.735c8b080c8ce2097a7b8f51e8445a8c.jpg 145,249,313,406,0
rs00218_jpg.rf.789a5cb84ba71f836ffc4a6278388255.jpg 77,202,247,416,0 234,117,258,290,1 105,147,128,273,1 210,180,222,243,1
rs00332_jpg.rf.6e7791dafcb765943f42c54a139496f5.jpg 181,158,390,409,0
rs00242_jpg.rf.77b87c5d6e78154754a97991e1388602.jpg 178,216,383,416,0 129,23,153,261,1
rs00317_jpg.rf.758c226a3d37fad1d18da160e6d38247.jpg 57,178,260,411,0
rs00314_jpg.rf.75db49e6f98d3ea7e620d55f5f2b6c55.jpg 166,172,372,416,0
rs00236_jpg.rf.721011453be3b1b0948141cd9e169c9e.jpg 31,160,386,409,0 87,23,116,235,1 243,41,284,246,1 131,117,142,209,1 219,112,239,209,1
rs00046_jpg.rf.7b3a0d7c156b32b662ed44a37edab152.jpg 160,148,409,416,0
rs00310_jpg.rf.625943a979ac3bd05f2a1f829ccc89c0.jpg 176,201,302,409,0
rs00096_jpg.rf.57e851eb0d82f2e0753bbb43ee21f72d.jpg 100,229,274,410,0
rs00049_jpg.rf.7c8bec949bb8b74b01e524888bdc2400.jpg 11,213,410,413,0 9,36,47,356,1 164,79,189,263,1 90,151,107,233,1 301,83,322,234,1 229,158,239,241,1 131,174,144,227,1
rs00350_jpg.rf.68e82502a5a397411dd95d9b5f59d299.jpg 42,224,226,380,0 338,19,351,354,1 26,36,53,383,1 226,59,237,235,1 199,138,212,216,1 159,164,168,220,1
rs00313_jpg.rf.809c2269c8e2869e9a581154720fd8ac.jpg 182,239,241,415,0 19,157,38,328,1
rs00238_jpg.rf.80f115874aacd9e33c16b0d1f7c37fc6.jpg 13,191,238,381,0 252,1,304,298,1 133,108,162,240,1 187,157,216,237,1
rs00326_jpg.rf.7bb38dcda039ac810c600605ebec9c3d.jpg 204,248,278,404,0 308,282,413,395,0 18,304,207,398,0 140,13,165,396,1 264,110,288,339,1 55,150,72,361,1 180,114,202,346,1
rs00117_jpg.rf.81aaafcbcbb0565f6f6e0cc80f6c43ca.jpg 90,217,230,408,0 269,14,295,321,1 99,133,115,288,1 198,130,217,277,1
rs00109_jpg.rf.821525e7aca632737aecd03e65266063.jpg 189,170,291,404,0
rs00085_jpg.rf.7b0b21dbe213a4a5530dcd59fac55309.jpg 10,140,244,416,0
rs00073_jpg.rf.83d6ddbc2fc3f5c00d0320d84045d014.jpg 95,179,243,405,0 213,154,224,227,1 166,155,184,229,1
rs00333_jpg.rf.847f1e6004482fef90ef5a2ed079d7ed.jpg 65,190,292,407,0 47,13,76,391,1 285,25,332,311,1
rs00168_jpg.rf.8847fc9c2d71d0511ce2783e4232fcf2.jpg 20,209,243,410,0 238,21,263,331,1 200,105,217,221,1 93,128,110,224,1 120,161,133,212,1 158,164,174,220,1
rs00155_jpg.rf.836fdb4f8d4b85bc004349d96a21cc01.jpg 129,218,355,406,0 250,92,285,293,1 131,14,153,349,1 152,94,169,288,1 225,118,243,240,1
rs00213_jpg.rf.85d20ab3fde096a30d622239d287f5ca.jpg 246,218,410,406,0 9,260,137,351,0 88,42,127,317,1 221,169,237,274,1 278,169,290,265,1 395,10,410,414,1
rs00024_jpg.rf.879078aca867d124907156f52163fe80.jpg 163,240,267,416,0 2,190,159,416,0 89,47,131,245,1 238,15,265,248,1
rs00138_jpg.rf.7cb133f3f22223a1325db1c902af322b.jpg 198,173,303,411,0
rs00052_jpg.rf.866645d34e5af8be6ecef6b426662d80.jpg 164,232,236,410,0 233,16,284,400,1 208,195,221,264,1 132,208,149,273,1 108,208,120,271,1 63,209,69,269,1
rs00303_jpg.rf.897e2a676f55a4268a60f59ab121ad23.jpg 63,131,409,397,0 364,23,383,284,1
rs00029_jpg.rf.7f191dbd7ea809d41d11bed7f2f1f909.jpg 133,163,416,411,0
rs00110_jpg.rf.58440bf82c20c3741682b25f6d87d659.jpg 21,197,408,412,0 47,20,71,265,1 355,35,387,266,1 232,24,268,313,1 162,165,183,249,1 209,103,228,258,1 291,154,307,230,1
rs00305_jpg.rf.869bd0671703d448a29f1eed0d05baa4.jpg 201,185,310,416,0 291,73,320,231,1
rs00367_jpg.rf.7892eb29340dc957d9a5a4036a5f54c9.jpg 159,112,286,384,0 301,9,328,257,1 233,23,249,180,1
rs00043_jpg.rf.898a43b1436c7ab910165dd695dd66aa.jpg 240,218,308,416,0 333,213,413,330,0 27,203,224,397,0 165,4,198,380,1 273,76,294,243,1 343,10,377,361,1 103,85,117,255,1 324,112,338,234,1 219,135,237,234,1
rs00159_jpg.rf.8c29aec5d90fe9c8b5a4ed8abe3df3ce.jpg 168,173,244,415,0 216,101,225,247,1
rs00107_jpg.rf.88cc4a76e39be35e59666036184b71a9.jpg 58,279,399,415,0 67,90,104,308,1 333,17,357,317,1 173,96,193,337,1 143,196,161,316,1 200,196,209,305,1 306,215,322,293,1
rs00198_jpg.rf.892d0085ba891d3b073aacd42bb8be1f.jpg 151,222,408,415,0
rs00148_jpg.rf.8bb075c79bdfce23591a93f083bdb652.jpg 175,129,254,416,0 94,13,113,350,1 302,5,329,187,1 148,5,170,250,1
rs00026_jpg.rf.8d237a65167e6f7312fa6427527decc9.jpg 116,211,176,416,0
rs00212_jpg.rf.8f0d84007fe582ac4fa48bd5fc8e0d02.jpg 71,181,378,407,0 335,12,399,263,1 161,98,186,165,1 249,83,275,196,1
rs00239_jpg.rf.9d7ded8ef9d1779777b0d55fc2c17155.jpg 118,208,273,416,0 344,19,393,271,1
rs00000_jpg.rf.86e84675380a1056fb99028eca1fa836.jpg 28,170,279,415,0 249,54,288,287,1 136,98,158,277,1 220,149,244,249,1 180,155,190,243,1 194,151,218,237,1
rs00211_jpg.rf.91c51e512e8c4917125b8f25579512cf.jpg 181,215,303,400,0
rs00322_jpg.rf.87bb8e6eb1044436a1afcf2b1d9cbf57.jpg 177,192,298,416,0
rs00189_jpg.rf.640be68396f9f32e2c858a1c9d153714.jpg 55,185,287,416,0 190,135,208,216,1 244,133,255,240,1
rs00150_jpg.rf.a469926f6b9379f3575a69ca76a40c8f.jpg 172,228,289,416,0 10,229,170,408,0 111,139,134,206,1 214,140,232,250,1
rs00115_jpg.rf.9f4db79b6e5a959d191b9edd5e038dac.jpg 216,201,395,407,0 97,32,164,392,1 235,77,270,262,1 297,52,335,223,1
rs00361_jpg.rf.ae73150720707c4d516c81b0a8e7deda.jpg 39,151,301,405,0
rs00358_jpg.rf.aa8ae2256c9e60c360239083a7cbf027.jpg 199,190,410,410,0 184,105,211,281,1 228,163,237,227,1
rs00323_jpg.rf.a87c0e4ecd137b49be04d994cb9e867e.jpg 171,189,299,398,0 79,234,171,416,0 109,62,136,276,1
rs00177_jpg.rf.b319660634f2395613081f1fcdd79732.jpg 143,180,336,409,0
rs00341_jpg.rf.9cbe185eab8488faa79f96bc3a00e985.jpg 18,203,231,411,0 338,5,401,330,1 139,128,159,240,1 264,93,274,144,1
rs00330_jpg.rf.91972e599657a01ed0b3855d061e6d1e.jpg 165,219,221,416,0 70,255,165,367,0 219,134,231,282,1 161,135,167,264,1
rs00066_jpg.rf.b854ed303ce6d066fcc6ce57c8eba241.jpg 186,165,274,412,0 54,107,74,215,1 156,108,180,208,1 211,122,220,199,1
rs00006_jpg.rf.942e85d71e9d7a5cb6f0ebc99e8b4a8e.jpg 190,237,272,416,0 363,107,379,191,1
rs00027_jpg.rf.8a21ea77f7c3d0c7c1eb5cc16b59f2e6.jpg 27,209,394,416,0 63,49,109,286,1 329,12,359,257,1 301,91,322,238,1 202,99,212,226,1 226,93,246,226,1 113,15,135,242,1
rs00368_jpg.rf.b84b851b641cdce70f5b3acf0d2f0b29.jpg 192,225,268,402,0 190,141,208,276,1
rs00307_jpg.rf.badf11007a38e98ab87598776986ae86.jpg 15,182,402,410,0 319,12,335,207,1 269,100,282,212,1 188,104,203,218,1 170,157,179,205,1 248,147,261,212,1
rs00364_jpg.rf.a7b8f8467ea4fed6fca8735a936cf67a.jpg 75,212,298,407,0
rs00001_jpg.rf.bdbc4496fb5a1fb0d796dacf5aa5497b.jpg 293,123,407,394,0 20,261,250,322,0
rs00091_jpg.rf.bb145370356cc954d1ded1dae6ed2ad1.jpg 174,210,270,416,0 11,276,161,352,0 127,46,158,277,1 173,137,190,246,1 86,115,99,199,1
rs00137_jpg.rf.79ee6a72d94af3ef9dba60c0586bcdb8.jpg 0,187,154,416,0 69,128,84,215,1
rs00008_jpg.rf.bb7aacc99efc45c309343ffb10f1d299.jpg 196,200,286,416,0 4,199,169,384,0 115,20,168,358,1 179,108,193,219,1 62,138,86,251,1 216,125,242,217,1
rs00012_jpg.rf.bebe5337f1de59ebe0335decceb1109f.jpg 178,196,257,416,0 254,223,410,404,0 163,98,185,257,1 333,78,350,240,1 249,140,262,224,1 192,140,200,227,1
rs00153_jpg.rf.c417ab3a0b85018356000ba63fe86ca9.jpg 50,192,275,416,0
rs00095_jpg.rf.c49919826852df237a13c8c4b6523678.jpg 135,233,365,415,0 172,3,193,276,1 321,44,339,237,1 70,6,88,155,1
rs00173_jpg.rf.6f075898fd83380ee008480ab16f6372.jpg 84,206,256,416,0 227,123,250,281,1 144,122,163,269,1
rs00243_jpg.rf.bdcb8654f800d6450f065088861c4f4b.jpg 162,156,324,413,0 8,182,151,412,0
rs00023_jpg.rf.b08d4f96e6543ef0ad7e7c64d014d1b2.jpg 165,194,240,416,0 296,153,336,373,1 112,12,134,208,1
rs00324_jpg.rf.c31c65c72b14e92a6fc844d7ada76448.jpg 191,242,407,416,0 3,264,181,409,0 150,10,163,306,1 85,15,101,221,1
rs00328_jpg.rf.c8e9d5e2b7bf542603649061483b11e7.jpg 1,261,140,403,0 196,287,405,408,0 26,90,42,354,1 194,141,205,343,1 390,111,402,367,1 241,186,251,317,1
rs00180_jpg.rf.cbb877a04eb9ac15e0b7ebb62f33a6df.jpg 15,219,370,404,0 107,68,133,240,1 265,55,294,228,1 194,115,201,222,1 225,153,244,222,1
rs00131_jpg.rf.c701fbd51b6165bd59bcdd1134c7ada4.jpg 0,213,96,409,0 41,121,60,252,1 19,157,34,226,1
rs00074_jpg.rf.ce1285308cd1a76a34ba92167649e620.jpg 1,155,247,416,0 257,12,276,211,1 206,83,220,199,1 142,121,155,164,1
rs00044_jpg.rf.ccf08651516d6c1ef8adacdaf9dec9d1.jpg 15,201,222,411,0
rs00302_jpg.rf.ce36a86903f2f1a12d55b6c06e95dcf5.jpg 62,134,329,406,0
rs00197_jpg.rf.cba4758de21b479f093dcbb6648edd27.jpg 36,230,208,390,0 15,15,43,374,1 365,11,391,244,1 153,33,172,153,1
rs00194_jpg.rf.cd0a750bc60a58893f21f5a1ca5448c7.jpg 111,229,380,416,0
rs00190_jpg.rf.c3e2cb002b9bfd41e13d7ae9b6242181.jpg 160,147,387,412,0
rs00318_jpg.rf.d1ab1654730e027a2085030279a182cc.jpg 179,198,411,397,0 13,225,148,341,0 242,137,260,273,1
rs00028_jpg.rf.ca472ed10c2cbf89379f25ff4a35921f.jpg 0,184,411,406,0 80,55,102,237,1 289,46,333,236,1
rs00174_jpg.rf.c6e323226a2eb7f6654ca6f14ea99299.jpg 11,266,195,322,0 215,235,377,405,0 72,10,102,351,1 190,117,221,284,1 134,10,162,317,1 235,179,249,264,1
rs00220_jpg.rf.b3b618e5365174a0037751cb1d9780fa.jpg 160,143,314,416,0 302,58,322,224,1
rs00171_jpg.rf.d542c929ba5f6127dda58ae2eb9de9d4.jpg 155,208,407,406,0 94,24,147,382,1 235,6,262,270,1 191,67,201,202,1 204,56,217,218,1
rs00331_jpg.rf.c6e30b61531e0886901ce03e08068781.jpg 176,164,385,408,0
rs00047_jpg.rf.d37a0e513a205efc7d94488e91af8a5a.jpg 29,201,305,399,0 261,45,280,307,1 250,77,261,262,1 86,108,103,243,1 163,136,174,239,1 241,110,251,230,1 229,121,239,208,1
rs00054_jpg.rf.dc9b60f447f6528aac3e945fa1e8f812.jpg 44,190,261,414,0 281,12,331,374,1
rs00344_jpg.rf.dab379697be849f2c1323ecfcfd0bc93.jpg 152,205,281,416,0 140,47,179,314,1
rs00232_jpg.rf.9b0f1a713bee3245fac2b70035b2cf62.jpg 67,201,388,405,0 74,8,96,319,1 328,22,376,285,1 232,148,238,225,1 266,163,280,231,1
rs00116_jpg.rf.d2125fe26f34a4d1884c024a9b05a1df.jpg 14,205,400,385,0 73,97,104,271,1 225,7,249,310,1 202,80,222,263,1 119,128,136,239,1 182,137,195,237,1 141,163,149,230,1
rs00356_jpg.rf.ced47a4b89b85299d07299b05edcb22e.jpg 175,190,254,381,0
rs00157_jpg.rf.d8223021860e2be45d615fec1b138625.jpg 164,193,278,416,0 33,22,88,416,1 134,124,156,254,1 87,139,102,258,1 163,114,181,253,1
rs00339_jpg.rf.a3ee0755522eafc159ed0f6b57d8b62d.jpg 82,189,287,413,0
rs00316_jpg.rf.dcceb16a4c5a94ed3d58f65f7a8c509a.jpg 8,207,263,415,0
rs00067_jpg.rf.df860a9f63d2f9a854b29aff43f77135.jpg 45,60,351,416,0 170,10,189,128,1 52,10,77,127,1
rs00128_jpg.rf.cfb134fcfa4394de55c072b996830438.jpg 88,259,278,406,0
rs00050_jpg.rf.e2d05e72e8c4045567f614d2278df2f1.jpg 280,237,386,415,0 17,220,154,416,0 102,13,125,264,1 381,8,399,320,1 33,35,55,181,1 312,8,322,238,1 358,39,367,222,1 266,8,272,273,1
rs00235_jpg.rf.dcdb72750d7c6d8f3a340ed787979fb5.jpg 19,223,401,416,0 120,73,153,244,1 294,65,327,234,1 224,159,242,240,1 33,24,42,196,1
rs00365_jpg.rf.ca6f26dee8cd9e180a52beac8fdd88f8.jpg 47,189,302,402,0 149,94,166,238,1 242,83,253,220,1
rs00031_jpg.rf.d1cdf413e26fd15b16a85f5cc9c85a43.jpg 169,250,379,412,0 221,110,254,266,1
rs00003_jpg.rf.e39e01885f18c14da49a258ada511e37.jpg 0,191,132,412,0 121,211,209,416,0
rs00130_jpg.rf.eaeb3ae41e9ba74137f31602ee5607da.jpg 15,201,224,389,0 9,12,23,355,1
rs00179_jpg.rf.e4e9784fc73ca3994ab2da92b2f01d45.jpg 92,193,223,412,0 220,76,257,259,1 106,90,126,253,1
rs00170_jpg.rf.e2f72527282991cbc36b16b8672caee2.jpg 11,224,416,409,0 52,132,69,262,1 354,127,377,273,1 311,120,329,240,1 234,91,261,240,1 134,117,151,266,1
rs00347_jpg.rf.ef4e63d511d938911ada6821ecbdc5dd.jpg 176,178,332,416,0
rs00199_jpg.rf.d098f5ddd7168d29c50f143da619a4e3.jpg 198,157,302,416,0 50,237,194,406,0 200,18,231,248,1
rs00306_jpg.rf.ca992ae57dbb9a94988c18810736fd01.jpg 21,191,313,410,0 262,46,294,286,1 63,47,87,279,1
rs00355_jpg.rf.eb81d0907ba6fd3aed33144b7800fdc8.jpg 79,214,229,381,0 3,70,36,278,1 102,113,127,280,1 253,61,277,240,1
rs00369_jpg.rf.ef3af619e885ed41bdeddd7cbddc96e4.jpg 32,309,290,408,0 189,207,292,293,0 155,6,180,345,1 229,66,246,217,1 295,50,316,329,1
rs00114_jpg.rf.f0e2a3333bcfa90473fb209790834098.jpg 65,272,233,416,0 280,49,322,416,1 211,188,225,272,1 124,209,143,301,1 183,227,199,276,1 164,223,174,278,1
rs00219_jpg.rf.e30f8faf25387c1689fad5c42c78e1de.jpg 159,119,408,407,0 123,16,148,207,1 150,56,172,195,1
rs00033_jpg.rf.eefe5b32cd3c2803b1e70dae7a7ea77f.jpg 205,234,352,416,0 181,122,208,301,1 303,92,331,287,1
rs00327_jpg.rf.ecba5a3efafb37b26e7c0acfdebd78ec.jpg 23,160,404,398,0 34,47,53,192,1 141,92,156,170,1 222,97,226,180,1
rs00300_jpg.rf.dfd0e8515a096d37935c39187c454d06.jpg 32,251,209,410,0 95,106,124,259,1 302,16,334,301,1
rs00337_jpg.rf.e98e362b4af68fee9fdd8f29fd4d65ed.jpg 202,181,374,362,0 20,193,192,256,0 195,97,210,225,1 289,111,300,188,1 138,125,148,185,1 232,128,263,175,1
rs00200_jpg.rf.e02a06aa897ce73500472bee098777f0.jpg 73,223,248,414,0
rs00342_jpg.rf.f2e5557772a98d845a3800a7fe28cbf8.jpg 144,142,407,403,0 342,19,364,198,1 169,17,186,202,1 255,120,263,177,1
rs00129_jpg.rf.f1c042d161aad810cc5103439eeb1ca6.jpg 20,234,250,407,0 223,93,246,262,1 307,27,324,252,1
rs00088_jpg.rf.e2ded0a211b7e1d437fe01163600fe4e.jpg 83,282,240,404,0 284,276,411,390,0 254,203,286,367,1 380,166,410,335,1 348,8,378,392,1 159,167,182,333,1 191,220,229,322,1
rs00359_jpg.rf.f4a76102023524030824c281aabf2dcf.jpg 150,132,399,412,0 160,65,181,235,1 288,66,303,227,1
rs00134_jpg.rf.faa1e24da399a2ba69848e87f276f6a4.jpg 31,223,254,411,0 21,6,73,412,1 317,53,344,389,1 148,80,166,236,1
rs00362_jpg.rf.f7ce93c57d271c8aaf4a1a39cac05b62.jpg 168,134,389,408,0 24,26,64,374,1 138,53,158,258,1 313,66,322,229,1
rs00175_jpg.rf.fe782b115c6faf5400f6b50fba8a1fec.jpg 184,217,244,407,0 269,221,416,322,0 29,241,156,288,0 157,99,168,230,1 383,10,416,238,1 300,98,328,211,1
rs00201_jpg.rf.f87edcee9ae835db1fe7864cea5adda2.jpg 71,259,215,404,0 243,196,360,410,0 217,6,266,274,1 343,75,362,256,1 277,68,296,241,1 62,22,82,274,1 308,122,319,214,1
rs00234_jpg.rf.f433cad4941eff4dbe731b368b0150d6.jpg 36,226,161,397,0
rs00357_jpg.rf.f88b18a72fe5a40c716d3ba309a73243.jpg 92,217,409,396,0
rs00329_jpg.rf.f329e15b84775c9381ef03812d83082b.jpg 175,144,360,410,0
rs00241_jpg.rf.e6a9f675ebfa60cc683570a08b972c28.jpg 35,306,397,406,0 82,18,137,396,1 350,98,384,350,1 294,152,309,323,1 210,130,236,331,1 154,213,160,320,1 59,132,72,330,1 188,193,206,287,1 241,202,253,308,1 272,195,285,304,1
rs00321_jpg.rf.feb69ed1d1be5ebecddf15d42e41e0e6.jpg 181,162,276,416,0
rs00132_jpg.rf.ffb58fbe45897242944caa2c9d9441c6.jpg 188,216,284,398,0 25,206,186,404,0 42,101,78,220,1 362,6,393,416,1 129,131,142,215,1 206,153,224,220,1 159,139,178,210,1
rs00106_jpg.rf.fa3507d3f50ac6143de2c6a47edc3f4a.jpg 157,279,385,407,0 32,97,47,247,1
rs00222_jpg.rf.db511b1ea53fca421821ba06229270ba.jpg 89,193,276,416,0 12,14,36,353,1 96,106,109,259,1
rs00002_jpg.rf.f7471b5f6de2018cab3b13ebba3abf28.jpg 6,211,161,375,0 134,226,221,413,0
rs00053_jpg.rf.ee3f9ea84e7bcc82b73a77bc15efb74c.jpg 161,236,238,416,0 217,173,234,243,1 272,188,288,256,1