1 36 75
2 18 50
3 24 0
4 35 51
5 3 53
6 36 52
7 12 1
8 3 25
9 20 55
10 24 54
11 12 26
12 25 76
13 25 2
14 2 3
15 36 56
16 18 77
17 6 57
18 4 27
19 18 78
20 4 5
21 10 28
22 7 4
23 6 79
24 3 29
25 9 80
26 21 6
27 40 58
28 8 30
29 6 7
30 5 81
31 24 8
32 40 59
33 8 9
34 8 31
35 9 32
36 4 82
37 8 10
38 12 33
39 45 60
40 8 11
41 15 61
42 8 83
43 18 34
44 4 84
45 12 62
46 3 85
47 2 13
48 16 63
49 21 35
50 40 12
51 10 15
52 24 14
53 21 65
54 3 16
55 12 36
56 10 66
57 5 64
58 12 17
59 15 18
60 36 86
61 28 37
62 35 67
63 18 38
64 3 87
65 18 19
66 9 21
67 20 88
68 20 39
69 18 68
70 7 20
71 9 22
72 4 69
73 24 89
74 9 70
75 30 71
76 3 23
77 8 24
78 21 72
79 20 90
80 25 40
81 25 91
82 3 73
83 20 74
84 20 92
85 8 42
86 10 41
87 35 43
88 2 93
89 8 95
90 30 45
91 25 94
92 15 96
93 8 44
94 27 47
95 7 46
96 7 48
97 9 98
98 30 97
99 3 99
100 27 49
