rs00087_jpg.rf.0351eae1037fb5375e9dcc1a3116ecd7.jpg 153,174,242,416,0 267,264,398,408,0 22,238,127,353,0
rs00233_jpg.rf.0987a56f0f73e71f8ff10a51c2baaf0a.jpg 135,167,263,416,0
rs00004_jpg.rf.0866239f294398953c1dd1cf8219324e.jpg 161,204,289,416,0
rs00171_jpg.rf.04800b66b6176dc5d3b05e97cfb890ee.jpg 155,208,407,406,0
rs00115_jpg.rf.0347a95e7e79fdf11433391c64e623fd.jpg 216,201,395,407,0
rs00073_jpg.rf.23391e48c6f7c52476b67563a5c1ee30.jpg 95,179,243,405,0
rs00147_jpg.rf.20fa09da93698f56d08380b3bdfe662b.jpg 122,265,395,412,0
rs00074_jpg.rf.0d78dc23d368ea6f9ce535b8b72b9721.jpg 1,155,247,416,0
rs00150_jpg.rf.26948be9cab8bbe44f7f3b6fa6f133f3.jpg 172,228,289,416,0 10,229,170,408,0
rs00000_jpg.rf.2ef79c8e72f77ab58a566163e3b341b1.jpg 28,170,279,415,0
rs00029_jpg.rf.13ead4f587143edca4866d8f5580c66d.jpg 133,163,416,411,0
rs00159_jpg.rf.0ab5c863c05cc49f533411ed76b64c55.jpg 168,173,244,415,0
rs00006_jpg.rf.3181fd0a16d2cbec901139c3d1df942e.jpg 190,237,272,416,0
rs00127_jpg.rf.1378ef5dd6b96c932c74f7426e29713e.jpg 2,226,403,400,0
rs00152_jpg.rf.1934277b9e94ed085dab0332c554e84a.jpg 202,223,274,415,0
rs00010_jpg.rf.18bda2166d1d7e4c26d19a7c85348825.jpg 236,173,404,416,0 139,178,232,416,0
rs00242_jpg.rf.384ca18875f34f0d7afa1dc174fec788.jpg 178,216,383,416,0
rs00175_jpg.rf.35665e0cf7eb20278e5085113537319e.jpg 184,217,244,407,0 269,221,416,322,0 29,241,156,288,0
rs00221_jpg.rf.3202fa14a4c666a33b2706d426b0b2f2.jpg 165,124,346,404,0
rs00070_jpg.rf.37242986829544bcb899f0243699a9ad.jpg 91,178,407,416,0
rs00137_jpg.rf.247781df7f8dc4fcdda1c67a2c65a6e7.jpg 0,187,154,416,0
rs00148_jpg.rf.1facdc1eced44a4897dd880ae02785d6.jpg 175,129,254,416,0
rs00052_jpg.rf.2daf4b10ed93a5a885cbcc1d227f3178.jpg 164,232,236,410,0
rs00151_jpg.rf.17e3c4086fe061e3f14c7e6f0674725c.jpg 171,217,332,412,0
rs00024_jpg.rf.3a289f8bfbc1569ac756969bbe69e6dd.jpg 163,240,267,416,0 2,190,159,416,0
rs00051_jpg.rf.2f079ba1720f348772643ffffbd4e1f6.jpg 90,209,272,372,0
rs00114_jpg.rf.454c37e7f375fa37ba100cdab7dccf38.jpg 65,272,233,416,0
rs00117_jpg.rf.4c70008a05f63a8060f662fd7bedacb9.jpg 90,217,230,408,0
rs00045_jpg.rf.33e58dddb33f2e1939b11d87ae5de34e.jpg 152,218,224,416,0
rs00110_jpg.rf.50455fbfa6987fac11d25e4b2a49ba66.jpg 21,197,408,412,0
rs00197_jpg.rf.4861f76f703143a89d63a3985a643b56.jpg 36,230,208,390,0
rs00155_jpg.rf.5617b2714043fef3075ff8ab4c97b682.jpg 129,218,355,406,0
rs00217_jpg.rf.4f3ac66e4c56444e61dcd2eb9f1d7f0a.jpg 201,195,281,415,0
rs00068_jpg.rf.58508b79377adf7ac8873644db443e91.jpg 140,212,324,408,0
rs00153_jpg.rf.567b3dccf23e6483dab4cbaa76f4f1f0.jpg 50,192,275,416,0
rs00096_jpg.rf.6345d11c0e1d54d7f7edafd19ddd7d45.jpg 100,229,274,410,0
rs00044_jpg.rf.33ba34d9ecdfe3c6ca2486bdd62dc22a.jpg 15,201,222,411,0
rs00135_jpg.rf.4decaddb9970c80c5f31a15d151e5264.jpg 182,165,263,407,0
rs00049_jpg.rf.73afdbed4be31e18b3d3d371938c789e.jpg 11,213,410,413,0
rs00196_jpg.rf.7a844c7e15f0fd2a8b5e692d3f921013.jpg 33,181,410,411,0
rs00236_jpg.rf.77c77a3d1f4e6a3553d8644a664fc9aa.jpg 31,160,386,409,0
rs00232_jpg.rf.4228795f10e95ebae247b7099a1264ef.jpg 67,201,388,405,0
rs00048_jpg.rf.6de01084c9bc576c301956542db80795.jpg 17,229,270,407,0
rs00200_jpg.rf.750a90f8ae6f930f3fca1fc209f58cee.jpg 73,223,248,414,0
rs00220_jpg.rf.515e07b48ecd0717fbcb663f6adef0a8.jpg 160,143,314,416,0
rs00149_jpg.rf.7e4c445d77c27c20636af6d38a19e4b1.jpg 152,154,392,416,0
rs00192_jpg.rf.797cb18bc6ff2df8d8563bc7848277b2.jpg 94,188,306,396,0
rs00031_jpg.rf.8e442b49492f3cc8152092a9fb1b08de.jpg 169,250,379,412,0
rs00195_jpg.rf.814ca98231f4543e3b9940230b6a668d.jpg 179,195,374,406,0
rs00190_jpg.rf.80b4e71945f61aa3dcf3a5454bb88713.jpg 160,147,387,412,0
rs00138_jpg.rf.4edcd6770f2708ccb694f6ec58449f08.jpg 198,173,303,411,0
rs00033_jpg.rf.3956bc1b486de7455d99607ba8f746eb.jpg 205,234,352,416,0
rs00136_jpg.rf.84936a9aa6e8d0a870a2eb4d400d5788.jpg 156,178,376,416,0
rs00210_jpg.rf.8e826cab1a85b38e372893c65c087bd1.jpg 213,98,403,413,0
rs00012_jpg.rf.9b1f51327c3b071a0b0b3f69a75580b2.jpg 178,196,257,416,0 254,223,410,404,0
rs00215_jpg.rf.6b7d0592618ff988d28430232e981cd9.jpg 199,218,266,399,0 14,232,183,400,0
rs00235_jpg.rf.87474044262666c9a532b3d152653833.jpg 19,223,401,416,0
rs00193_jpg.rf.945fd45f1d91fe348e75865c51c7ca47.jpg 78,92,408,403,0
rs00179_jpg.rf.6447e63ad7f9dd1b6009526fa209effc.jpg 92,193,223,412,0
rs00156_jpg.rf.5e575756d0e702ea673f31d2ac3bcea8.jpg 225,200,326,414,0
rs00009_jpg.rf.a83e24a21b4a887e302e7d445b6507f2.jpg 173,225,260,413,0 38,209,168,416,0
rs00022_jpg.rf.ac3832414880b782fab141424bd9844e.jpg 66,184,376,416,0
rs00021_jpg.rf.9f41815e50e4295a4c68f10b95dc7de0.jpg 123,213,200,416,0
rs00239_jpg.rf.a4bb268674b889e4a8634806840c8924.jpg 118,208,273,416,0
rs00178_jpg.rf.abde5ccc0ba7dcddb3aae8606c78be6d.jpg 188,200,282,413,0
rs00112_jpg.rf.a8d702e4b47e078f26a80f2d97badb8c.jpg 182,197,307,416,0
rs00176_jpg.rf.b78d407ade83266f99f84b5f99f66046.jpg 141,166,339,416,0
rs00025_jpg.rf.74b0a26b12d1d41d36c9c7fd89921c63.jpg 271,186,416,269,0 16,173,261,412,0
rs00107_jpg.rf.9000eb229fd7d2aa6cdb6c555a637e47.jpg 58,279,399,415,0
rs00169_jpg.rf.83bbbdd590c3cbc2e6ea4e850528049d.jpg 175,186,381,404,0
rs00084_jpg.rf.7c9904e581bc0cb041e1a22169ea94f3.jpg 49,214,400,412,0
rs00026_jpg.rf.a84438d95488a9c6f1ae91f843dc3831.jpg 116,211,176,416,0
rs00053_jpg.rf.afa474d40c4fcfd75f6e41e7f15f0f8e.jpg 161,236,238,416,0
rs00177_jpg.rf.b8fbece3d814296d01a313a4fd85bb75.jpg 143,180,336,409,0
rs00194_jpg.rf.645db6fb59b1bc196dd6f708a1118cfd.jpg 111,229,380,416,0
rs00086_jpg.rf.c6c3cd35f5b5bd7589b7cc9679ec0b1c.jpg 72,184,257,403,0
rs00069_jpg.rf.af13585f6d6c32464491410131178ca1.jpg 170,204,249,416,0 269,205,406,416,0
rs00154_jpg.rf.c3d672c1cf355662fb73bf951a83d59e.jpg 135,166,248,409,0
rs00157_jpg.rf.a0657203a5956c3b1a8fc4435be6a076.jpg 164,193,278,416,0
rs00211_jpg.rf.d0bed559163c6c333ab8d7dd4d9a1ba2.jpg 181,215,303,400,0
rs00088_jpg.rf.d89b274cfb091aa64d148285c1896ee9.jpg 83,282,240,404,0 284,276,411,390,0
rs00063_jpg.rf.ca49cb0a8994a07bd1b55fe78a50470b.jpg 196,218,399,416,0 66,222,187,411,0
rs00131_jpg.rf.d9a1911665b0fdb498ec0a0fcb29e8d9.jpg 0,213,96,409,0
rs00243_jpg.rf.ded22c7a5925b63b4e08a1be8b241218.jpg 162,156,324,413,0 8,182,151,412,0
rs00133_jpg.rf.de5bd501b971c32618a2cb1ff5a66ebe.jpg 183,202,269,376,0
rs00066_jpg.rf.939f2779a354ccc7bb43807e4d6d3267.jpg 186,165,274,412,0
rs00011_jpg.rf.e1ed39af34f40c51351dc3efb76d749b.jpg 186,206,263,415,0
rs00222_jpg.rf.e8143587a61bb0246bcd36aee74b0245.jpg 89,193,276,416,0
rs00005_jpg.rf.e22fc2a47bb5d04ec357b0176f4cfba4.jpg 148,196,203,416,0 0,239,148,358,0
rs00219_jpg.rf.cf0ac0bacf32a4b72ea416b499d4d3ba.jpg 159,119,408,407,0
rs00241_jpg.rf.d3d0974a010289aa83d191e6ae6b80ff.jpg 35,306,397,406,0
rs00212_jpg.rf.c34121fba9e5750443a68197c984ad1f.jpg 71,181,378,407,0
rs00198_jpg.rf.f07250118774e2b71cd1a2cbb0bbaa5e.jpg 151,222,408,415,0
rs00002_jpg.rf.b4029937cde858e9d7c9065a84f13212.jpg 6,211,161,375,0 134,226,221,413,0
rs00043_jpg.rf.bde10f7f17ef688eaed817ee744c0f80.jpg 240,218,308,416,0 333,213,413,330,0 27,203,224,397,0
rs00067_jpg.rf.f2d694d597115b20849e1fefe43d6e10.jpg 45,60,351,416,0
rs00109_jpg.rf.f1a7fcfc7c66e8fc76c52f5f45849064.jpg 189,170,291,404,0
rs00111_jpg.rf.e22d2d115be761107d3dc24a7820f2fd.jpg 206,212,276,412,0
rs00172_jpg.rf.c901bf1894fa20f66e2177d5d4d93ff5.jpg 178,187,259,407,0 270,254,393,399,0
rs00008_jpg.rf.f495b2747ef5ce17c0a97c78c393e781.jpg 196,200,286,416,0 4,199,169,384,0
rs00091_jpg.rf.d16a913a550b65329a60034ea8bb9074.jpg 174,210,270,416,0 11,276,161,352,0
rs00234_jpg.rf.feedfebe63e5c585d17675cc70ca9909.jpg 36,226,161,397,0
rs00216_jpg.rf.ee3530b178ea72d10eb5f8afa674be72.jpg 104,210,265,408,0
rs00170_jpg.rf.c85da3fb482c4853771531ac26302c95.jpg 11,224,416,409,0
rs00168_jpg.rf.d3aead130a47d36bc2a6bd29a9268ef3.jpg 20,209,243,410,0
rs00046_jpg.rf.f8893c35e98e3139115db28a1f95e6a0.jpg 160,148,409,416,0
rs00106_jpg.rf.ffb5f936189ecd5f3d24fc59d9c970d5.jpg 157,279,385,407,0
rs00218_jpg.rf.d4584b27ee1c743974e05fb99936002a.jpg 77,202,247,416,0
rs00007_jpg.rf.fa62f1e67510bcea81226eb877d1bd10.jpg 0,206,415,415,0
rs00023_jpg.rf.e93fb78bd6502d2e0b422d0b393aa575.jpg 165,194,240,416,0